id: 7668601814910185854294957555836052806921155519816639059289088999843660594853776787212019962499400129186587105640540929908429143919800106926105921342855656597579151553628067797003031578939565513974537636060940353138142803886362457530886761102808585544076465146727483428095667577301716718095731272002335766263
57440337353985528388845958726962494174323127271066099704314986371833199357294193540121444369292697054637618049678572576320368472471872287031378042587162762469284502323167891997928144315893892250703112051491234512262533427448172704166408051553171296952460379139950316597877630130525583616192682062288651971403
70834911463932607544354052486320761184730236804808513289993148534683740883657138841848302304172236712667172065369041301985298481098826322310911786903542461020548815153485105601200091753068909939174898592704389950402159579148621658283295606359041155201280033705149309949942920087413472438869727697254781698659
33404169783349801679347068677796950276438762300186208799930808486286134021112230546901759165016377367514165833904434196496533631454609632802278284475097462579706991452921683243577252507763327639831726012699676248154280412643927633895423368258198586651190995336390482283293168035517050709351873833815631549457
63693390169299956819880089634908668022060575323035001503862964207194643704840710157916410753281029719897584195618294220736209115410046651196149148203529518483693641373027833233127965502572383276607049334065857169935535301080423852968297852212058102176591250519895760007282758696017437246743009633024607439497
54362113690842005544153106301574019160313975819399054735801574907723016063741664116779984855109638373377033364611701466252100290591703445672947586162896602522604907851386421984050037475207047413095929764595694565261312657728717241430873551526868610935742882459508006144649917660844851644120072259189085250101
84000295624231982077197459143797152469038125066704370642359895859046305290960067349126490652976569146150584530149099577146975403172895830475127547736816608747312967407699891273089977403033416699343086314813808559200546812057290713063253933289346276230738815885779394006792135213978327134980376827667744135438
83286259396391742359154720132455730888050135271710657273629423579339608708081928231940386804512289405012292313797615428333154774548862748483547784157312315931074714698768869219889715188038830683486251181634382864260926285504040726198745623156180373588695681253673960625126451574633994942590436228062406246734
76724691624337621315073031435461624693879547797763924122474587324190478352925377426337921753819064911649679690584699367687226501205481741033705445231034369380767689603850137099439220971813950400287224951012596195983065497958743013196134670199962710095960740258807424702783837836556011297277374897083513456957
32217265000929886065798374090473136705993537641484476443867763185216593613034647374982516607480107710585777009527047321292763695534179558775805269572224697846261517851974385484593305833370351853588218231683290662782345435953296338426313159441510760565476780440688869785665767581450013048481339704116697977009
